0.00000000
0.90085900
1.40947641
1.33682514
0.79107279
0.11221475
-0.31654769
-0.27801603
0.16275979
0.69806557
0.95105652
0.68851516
-0.04332512
-0.93443645
-1.57056661
-1.65105652
-1.14749324
-0.31762201
0.43287825
0.76597535
0.58778525
0.09097866
-0.35906357
-0.43171483
-0.01880754
0.70000000
1.35028667
1.56433862
1.18196292
0.34164513
-0.58778525
-1.19859915
-1.25577760
-0.81500178
-0.18398589
0.25105652
0.23908749
-0.19818734
-0.77957423
-1.12113895
-0.95105652
-0.26544178
0.66013956
1.41063982
1.64802681
1.28778525
0.54040633
-0.20420135
-0.58657705
-0.46823521
-0.00000000
0.46823521
0.58657705
0.20420135
-0.54040633
-1.28778525
-1.64802681
-1.41063982
-0.66013956
0.26544178
0.95105652
1.12113895
0.77957423
0.19818734
-0.23908749
-0.25105652
0.18398589
0.81500178
1.25577760
1.19859915
0.58778525
-0.34164513
-1.18196292
-1.56433862
-1.35028667
-0.70000000
0.01880754
0.43171483
0.35906357
-0.09097866
-0.58778525
-0.76597535
-0.43287825
0.31762201
1.14749324
1.65105652
1.57056661
0.93443645
0.04332512
-0.68851516
-0.95105652
-0.69806557
-0.16275979
0.27801603
0.31654769
-0.11221475
-0.79107279
-1.33682514
-1.40947641
-0.90085900
-0.00000000
0.90085900
1.40947641
1.33682514
0.79107279
0.11221475
-0.31654769
-0.27801603
0.16275979
0.69806557
0.95105652
0.68851516
-0.04332512
-0.93443645
-1.57056661
-1.65105652
-1.14749324
-0.31762201
0.43287825
0.76597535
0.58778525
0.09097866
-0.35906357
-0.43171483
-0.01880754
0.70000000
1.35028667
1.56433862
1.18196292
0.34164513
-0.58778525
-1.19859915
-1.25577760
-0.81500178
-0.18398589
0.25105652
0.23908749
-0.19818734
-0.77957423
-1.12113895
-0.95105652
-0.26544178
0.66013956
1.41063982
1.64802681
1.28778525
0.54040633
-0.20420135
-0.58657705
-0.46823521
-0.00000000
0.46823521
0.58657705
0.20420135
-0.54040633
-1.28778525
-1.64802681
-1.41063982
-0.66013956
0.26544178
0.95105652
1.12113895
0.77957423
0.19818734
-0.23908749
-0.25105652
0.18398589
0.81500178
1.25577760
1.19859915
0.58778525
-0.34164513
-1.18196292
-1.56433862
-1.35028667
-0.70000000
0.01880754
0.43171483
0.35906357
-0.09097866
-0.58778525
-0.76597535
-0.43287825
0.31762201
1.14749324
1.65105652
1.57056661
0.93443645
0.04332512
-0.68851516
-0.95105652
-0.69806557
-0.16275979
0.27801603
0.31654769
-0.11221475
-0.79107279
-1.33682514
-1.40947641
-0.90085900
-0.00000000
0.90085900
1.40947641
1.33682514
0.79107279
0.11221475
-0.31654769
-0.27801603
0.16275979
0.69806557
0.95105652
0.68851516
-0.04332512
-0.93443645
-1.57056661
-1.65105652
-1.14749324
-0.31762201
0.43287825
0.76597535
0.58778525
0.09097866
-0.35906357
-0.43171483
-0.01880754
0.70000000
1.35028667
1.56433862
1.18196292
0.34164513
-0.58778525
-1.19859915
-1.25577760
-0.81500178
-0.18398589
0.25105652
0.23908749
-0.19818734
-0.77957423
-1.12113895
-0.95105652
-0.26544178
0.66013956
1.41063982
1.64802681
1.28778525
0.54040633
-0.20420135
-0.58657705
-0.46823521
-0.00000000
0.46823521
0.58657705
0.20420135
-0.54040633
-1.28778525
-1.64802681
-1.41063982
-0.66013956
0.26544178
0.95105652
1.12113895
0.77957423
0.19818734
-0.23908749
-0.25105652
0.18398589
0.81500178
1.25577760
1.19859915
0.58778525
-0.34164513
-1.18196292
-1.56433862
-1.35028667
-0.70000000
0.01880754
0.43171483
0.35906357
-0.09097866
-0.58778525
-0.76597535
-0.43287825
0.31762201
1.14749324
1.65105652
1.57056661
0.93443645
0.04332512
-0.68851516
-0.95105652
-0.69806557
-0.16275979
0.27801603
0.31654769
-0.11221475
-0.79107279
-1.33682514
-1.40947641
-0.90085900
-0.00000000
0.90085900
1.40947641
1.33682514
0.79107279
0.11221475
-0.31654769
-0.27801603
0.16275979
0.69806557
0.95105652
0.68851516
-0.04332512
-0.93443645
-1.57056661
-1.65105652
-1.14749324
-0.31762201
0.43287825
0.76597535
0.58778525
0.09097866
-0.35906357
-0.43171483
-0.01880754
0.70000000
1.35028667
1.56433862
1.18196292
0.34164513
-0.58778525
-1.19859915
-1.25577760
-0.81500178
-0.18398589
0.25105652
0.23908749
-0.19818734
-0.77957423
-1.12113895
-0.95105652
-0.26544178
0.66013956
1.41063982
1.64802681
1.28778525
0.54040633
-0.20420135
-0.58657705
-0.46823521
-0.00000000
0.46823521
0.58657705
0.20420135
-0.54040633
-1.28778525
-1.64802681
-1.41063982
-0.66013956
0.26544178
0.95105652
1.12113895
0.77957423
0.19818734
-0.23908749
-0.25105652
0.18398589
0.81500178
1.25577760
1.19859915
0.58778525
-0.34164513
-1.18196292
-1.56433862
-1.35028667
-0.70000000
0.01880754
0.43171483
0.35906357
-0.09097866
-0.58778525
-0.76597535
-0.43287825
0.31762201
1.14749324
1.65105652
1.57056661
0.93443645
0.04332512
-0.68851516
-0.95105652
-0.69806557
-0.16275979
0.27801603
0.31654769
-0.11221475
-0.79107279
-1.33682514
-1.40947641
-0.90085900
-0.00000000
0.90085900
1.40947641
1.33682514
0.79107279
0.11221475
-0.31654769
-0.27801603
0.16275979
0.69806557
0.95105652
0.68851516
-0.04332512
-0.93443645
-1.57056661
-1.65105652
-1.14749324
-0.31762201
0.43287825
0.76597535
0.58778525
0.09097866
-0.35906357
-0.43171483
-0.01880754
0.70000000
1.35028667
1.56433862
1.18196292
0.34164513
-0.58778525
-1.19859915
-1.25577760
-0.81500178
-0.18398589
0.25105652
0.23908749
-0.19818734
-0.77957423
-1.12113895
-0.95105652
-0.26544178
0.66013956
1.41063982
1.64802681
1.28778525
0.54040633
-0.20420135
-0.58657705
-0.46823521
-0.00000000
0.46823521
0.58657705
0.20420135
-0.54040633
-1.28778525
-1.64802681
-1.41063982
-0.66013956
0.26544178
0.95105652
1.12113895
0.77957423
0.19818734
-0.23908749
-0.25105652
0.18398589
0.81500178
1.25577760
1.19859915
0.58778525
-0.34164513
-1.18196292
-1.56433862
-1.35028667
-0.70000000
0.01880754
0.43171483
0.35906357
-0.09097866
-0.58778525
-0.76597535
-0.43287825
0.31762201
1.14749324
1.65105652
1.57056661
0.93443645
0.04332512
-0.68851516
-0.95105652
-0.69806557
-0.16275979
0.27801603
0.31654769
-0.11221475
-0.79107279
-1.33682514
-1.40947641
-0.90085900
-0.00000000
0.90085900
1.40947641
1.33682514
0.79107279
0.11221475
-0.31654769
-0.27801603
0.16275979
0.69806557
0.95105652
0.68851516
-0.04332512
-0.93443645
-1.57056661
-1.65105652
-1.14749324
-0.31762201
0.43287825
0.76597535
0.58778525
0.09097866
-0.35906357
-0.43171483
-0.01880754
0.70000000
1.35028667
1.56433862
1.18196292
0.34164513
-0.58778525
-1.19859915
-1.25577760
-0.81500178
-0.18398589
0.25105652
0.23908749
-0.19818734
-0.77957423
-1.12113895
-0.95105652
-0.26544178
0.66013956
1.41063982
1.64802681
1.28778525
0.54040633
-0.20420135
-0.58657705
-0.46823521
-0.00000000
0.46823521
0.58657705
0.20420135
-0.54040633
-1.28778525
-1.64802681
-1.41063982
-0.66013956
0.26544178
0.95105652
1.12113895
0.77957423
0.19818734
-0.23908749
-0.25105652
0.18398589
0.81500178
1.25577760
1.19859915
0.58778525
-0.34164513
-1.18196292
-1.56433862
-1.35028667
-0.70000000
0.01880754
0.43171483
0.35906357
-0.09097866
-0.58778525
-0.76597535
-0.43287825
0.31762201
1.14749324
1.65105652
1.57056661
0.93443645
0.04332512
-0.68851516
-0.95105652
-0.69806557
-0.16275979
0.27801603
0.31654769
-0.11221475
-0.79107279
-1.33682514
-1.40947641
-0.90085900
-0.00000000
0.90085900
1.40947641
1.33682514
0.79107279
0.11221475
-0.31654769
-0.27801603
0.16275979
0.69806557
0.95105652
0.68851516
-0.04332512
-0.93443645
-1.57056661
-1.65105652
-1.14749324
-0.31762201
0.43287825
0.76597535
0.58778525
0.09097866
-0.35906357
-0.43171483
-0.01880754
0.70000000
1.35028667
1.56433862
1.18196292
0.34164513
-0.58778525
-1.19859915
-1.25577760
-0.81500178
-0.18398589
0.25105652
0.23908749
-0.19818734
-0.77957423
-1.12113895
-0.95105652
-0.26544178
0.66013956
1.41063982
1.64802681
1.28778525
0.54040633
-0.20420135
-0.58657705
-0.46823521
-0.00000000
0.46823521
0.58657705
0.20420135
-0.54040633
-1.28778525
-1.64802681
-1.41063982
-0.66013956
0.26544178
0.95105652
1.12113895
0.77957423
0.19818734
-0.23908749
-0.25105652
0.18398589
0.81500178
1.25577760
1.19859915
0.58778525
-0.34164513
-1.18196292
-1.56433862
-1.35028667
-0.70000000
0.01880754
0.43171483
0.35906357
-0.09097866
-0.58778525
-0.76597535
-0.43287825
0.31762201
1.14749324
1.65105652
1.57056661
0.93443645
0.04332512
-0.68851516
-0.95105652
-0.69806557
-0.16275979
0.27801603
0.31654769
-0.11221475
-0.79107279
-1.33682514
-1.40947641
-0.90085900
0.00000000
0.90085900
1.40947641
1.33682514
0.79107279
0.11221475
-0.31654769
-0.27801603
0.16275979
0.69806557
0.95105652
0.68851516
-0.04332512
-0.93443645
-1.57056661
-1.65105652
-1.14749324
-0.31762201
0.43287825
0.76597535
0.58778525
0.09097866
-0.35906357
-0.43171483
-0.01880754
0.70000000
1.35028667
1.56433862
1.18196292
0.34164513
-0.58778525
-1.19859915
-1.25577760
-0.81500178
-0.18398589
0.25105652
0.23908749
-0.19818734
-0.77957423
-1.12113895
-0.95105652
-0.26544178
0.66013956
1.41063982
1.64802681
1.28778525
0.54040633
-0.20420135
-0.58657705
-0.46823521
-0.00000000
0.46823521
0.58657705
0.20420135
-0.54040633
-1.28778525
-1.64802681
-1.41063982
-0.66013956
0.26544178
0.95105652
1.12113895
0.77957423
0.19818734
-0.23908749
-0.25105652
0.18398589
0.81500178
1.25577760
1.19859915
0.58778525
-0.34164513
-1.18196292
-1.56433862
-1.35028667
-0.70000000
0.01880754
0.43171483
0.35906357
-0.09097866
-0.58778525
-0.76597535
-0.43287825
0.31762201
1.14749324
1.65105652
1.57056661
0.93443645
0.04332512
-0.68851516
-0.95105652
-0.69806557
-0.16275979
0.27801603
0.31654769
-0.11221475
-0.79107279
-1.33682514
-1.40947641
-0.90085900
-0.00000000
0.90085900
1.40947641
1.33682514
0.79107279
0.11221475
-0.31654769
-0.27801603
0.16275979
0.69806557
0.95105652
0.68851516
-0.04332512
-0.93443645
-1.57056661
-1.65105652
-1.14749324
-0.31762201
0.43287825
0.76597535
0.58778525
0.09097866
-0.35906357
-0.43171483
-0.01880754
0.70000000
1.35028667
1.56433862
1.18196292
0.34164513
-0.58778525
-1.19859915
-1.25577760
-0.81500178
-0.18398589
0.25105652
0.23908749
-0.19818734
-0.77957423
-1.12113895
-0.95105652
-0.26544178
0.66013956
1.41063982
1.64802681
1.28778525
0.54040633
-0.20420135
-0.58657705
-0.46823521
-0.00000000
0.46823521
0.58657705
0.20420135
-0.54040633
-1.28778525
-1.64802681
-1.41063982
-0.66013956
0.26544178
0.95105652
1.12113895
0.77957423
0.19818734
-0.23908749
-0.25105652
0.18398589
0.81500178
1.25577760
1.19859915
0.58778525
-0.34164513
-1.18196292
-1.56433862
-1.35028667
-0.70000000
0.01880754
0.43171483
0.35906357
-0.09097866
-0.58778525
-0.76597535
-0.43287825
0.31762201
1.14749324
1.65105652
1.57056661
0.93443645
0.04332512
-0.68851516
-0.95105652
-0.69806557
-0.16275979
0.27801603
0.31654769
-0.11221475
-0.79107279
-1.33682514
-1.40947641
-0.90085900
-0.00000000
0.90085900
1.40947641
1.33682514
0.79107279
0.11221475
-0.31654769
-0.27801603
0.16275979
0.69806557
0.95105652
0.68851516
-0.04332512
-0.93443645
-1.57056661
-1.65105652
-1.14749324
-0.31762201
0.43287825
0.76597535
0.58778525
0.09097866
-0.35906357
-0.43171483
-0.01880754
0.70000000
1.35028667
1.56433862
1.18196292
0.34164513
-0.58778525
-1.19859915
-1.25577760
-0.81500178
-0.18398589
0.25105652
0.23908749
-0.19818734
-0.77957423
-1.12113895
-0.95105652
-0.26544178
0.66013956
1.41063982
1.64802681
1.28778525
0.54040633
-0.20420135
-0.58657705
-0.46823521
-0.00000000
0.46823521
0.58657705
0.20420135
-0.54040633
-1.28778525
-1.64802681
-1.41063982
-0.66013956
0.26544178
0.95105652
1.12113895
0.77957423
0.19818734
-0.23908749
-0.25105652
0.18398589
0.81500178
1.25577760
1.19859915
0.58778525
-0.34164513
-1.18196292
-1.56433862
-1.35028667
-0.70000000
0.01880754
0.43171483
0.35906357
-0.09097866
-0.58778525
-0.76597535
-0.43287825
0.31762201
1.14749324
1.65105652
1.57056661
0.93443645
0.04332512
-0.68851516
-0.95105652
-0.69806557
-0.16275979
0.27801603
0.31654769
-0.11221475
-0.79107279
-1.33682514
-1.40947641
-0.90085900
-0.00000000
0.90085900
1.40947641
1.33682514
0.79107279
0.11221475
-0.31654769
-0.27801603
0.16275979
0.69806557
0.95105652
0.68851516
-0.04332512
-0.93443645
-1.57056661
-1.65105652
-1.14749324
-0.31762201
0.43287825
0.76597535
0.58778525
0.09097866
-0.35906357
-0.43171483
-0.01880754
0.70000000
1.35028667
1.56433862
1.18196292
0.34164513
-0.58778525
-1.19859915
-1.25577760
-0.81500178
-0.18398589
0.25105652
0.23908749
-0.19818734
-0.77957423
-1.12113895
-0.95105652
-0.26544178
0.66013956
1.41063982
1.64802681
1.28778525
0.54040633
-0.20420135
-0.58657705
-0.46823521
-0.00000000
0.46823521
0.58657705
0.20420135
-0.54040633
-1.28778525
-1.64802681
-1.41063982
-0.66013956
0.26544178
0.95105652
1.12113895
0.77957423
0.19818734
-0.23908749
-0.25105652
0.18398589
0.81500178
1.25577760
1.19859915
0.58778525
-0.34164513
-1.18196292
-1.56433862
-1.35028667
-0.70000000
0.01880754
0.43171483
0.35906357
-0.09097866
-0.58778525
-0.76597535
-0.43287825
0.31762201
1.14749324
1.65105652
1.57056661
0.93443645
0.04332512
-0.68851516
-0.95105652
-0.69806557
-0.16275979
0.27801603
0.31654769
-0.11221475
-0.79107279
-1.33682514
-1.40947641
-0.90085900
0.00000000
0.90085900
1.40947641
1.33682514
0.79107279
0.11221475
-0.31654769
-0.27801603
0.16275979
0.69806557
0.95105652
0.68851516
-0.04332512
-0.93443645
-1.57056661
-1.65105652
-1.14749324
-0.31762201
0.43287825
0.76597535
0.58778525
0.09097866
-0.35906357
-0.43171483
-0.01880754
0.70000000
1.35028667
1.56433862
1.18196292
0.34164513
-0.58778525
-1.19859915
-1.25577760
-0.81500178
-0.18398589
0.25105652
0.23908749
-0.19818734
-0.77957423
-1.12113895
-0.95105652
-0.26544178
0.66013956
1.41063982
1.64802681
1.28778525
0.54040633
-0.20420135
-0.58657705
-0.46823521
-0.00000000
0.46823521
0.58657705
0.20420135
-0.54040633
-1.28778525
-1.64802681
-1.41063982
-0.66013956
0.26544178
0.95105652
1.12113895
0.77957423
0.19818734
-0.23908749
-0.25105652
0.18398589
0.81500178
1.25577760
1.19859915
0.58778525
-0.34164513
-1.18196292
-1.56433862
-1.35028667
-0.70000000
0.01880754
0.43171483
0.35906357
-0.09097866
-0.58778525
-0.76597535
-0.43287825
0.31762201
1.14749324
1.65105652
1.57056661
0.93443645
0.04332512
-0.68851516
-0.95105652
-0.69806557
-0.16275979
0.27801603
0.31654769
-0.11221475
-0.79107279
-1.33682514
-1.40947641
-0.90085900
-0.00000000
0.90085900
1.40947641
1.33682514
0.79107279
0.11221475
-0.31654769
-0.27801603
0.16275979
0.69806557
0.95105652
0.68851516
-0.04332512
-0.93443645
-1.57056661
-1.65105652
-1.14749324
-0.31762201
0.43287825
0.76597535
0.58778525
0.09097866
-0.35906357
-0.43171483
-0.01880754
0.70000000
1.35028667
1.56433862
1.18196292
0.34164513
-0.58778525
-1.19859915
-1.25577760
-0.81500178
-0.18398589
0.25105652
0.23908749
-0.19818734
-0.77957423
-1.12113895
-0.95105652
-0.26544178
0.66013956
1.41063982
1.64802681
1.28778525
0.54040633
-0.20420135
-0.58657705
-0.46823521
-0.00000000
0.46823521
0.58657705
0.20420135
-0.54040633
-1.28778525
-1.64802681
-1.41063982
-0.66013956
0.26544178
0.95105652
1.12113895
0.77957423
0.19818734
-0.23908749
-0.25105652
0.18398589
0.81500178
1.25577760
1.19859915
0.58778525
-0.34164513
-1.18196292
-1.56433862
-1.35028667
-0.70000000
0.01880754
0.43171483
0.35906357
-0.09097866
-0.58778525
-0.76597535
-0.43287825
0.31762201
1.14749324
1.65105652
1.57056661
0.93443645
0.04332512
-0.68851516
-0.95105652
-0.69806557
-0.16275979
0.27801603
0.31654769
-0.11221475
-0.79107279
-1.33682514
-1.40947641
-0.90085900
-0.00000000
0.90085900
1.40947641
1.33682514
0.79107279
0.11221475
-0.31654769
-0.27801603
0.16275979
0.69806557
0.95105652
0.68851516
-0.04332512
-0.93443645
-1.57056661
-1.65105652
-1.14749324
-0.31762201
0.43287825
0.76597535
0.58778525
0.09097866
-0.35906357
-0.43171483
-0.01880754
0.70000000
1.35028667
1.56433862
1.18196292
0.34164513
-0.58778525
-1.19859915
-1.25577760
-0.81500178
-0.18398589
0.25105652
0.23908749
-0.19818734
-0.77957423
-1.12113895
-0.95105652
-0.26544178
0.66013956
1.41063982
1.64802681
1.28778525
0.54040633
-0.20420135
-0.58657705
-0.46823521
-0.00000000
0.46823521
0.58657705
0.20420135
-0.54040633
-1.28778525
-1.64802681
-1.41063982
-0.66013956
0.26544178
0.95105652
1.12113895
0.77957423
0.19818734
-0.23908749
-0.25105652
0.18398589
0.81500178
1.25577760
1.19859915
0.58778525
-0.34164513
-1.18196292
-1.56433862
-1.35028667
-0.70000000
0.01880754
0.43171483
0.35906357
-0.09097866
-0.58778525
-0.76597535
-0.43287825
0.31762201
1.14749324
1.65105652
1.57056661
0.93443645
0.04332512
-0.68851516
-0.95105652
-0.69806557
-0.16275979
0.27801603
0.31654769
-0.11221475
-0.79107279
-1.33682514
-1.40947641
-0.90085900
0.00000000
0.90085900
1.40947641
1.33682514
0.79107279
0.11221475
-0.31654769
-0.27801603
0.16275979
0.69806557
0.95105652
0.68851516
-0.04332512
-0.93443645
-1.57056661
-1.65105652
-1.14749324
-0.31762201
0.43287825
0.76597535
0.58778525
0.09097866
-0.35906357
-0.43171483
-0.01880754
0.70000000
1.35028667
1.56433862
1.18196292
0.34164513
-0.58778525
-1.19859915
-1.25577760
-0.81500178
-0.18398589
0.25105652
0.23908749
-0.19818734
-0.77957423
-1.12113895
-0.95105652
-0.26544178
0.66013956
1.41063982
1.64802681
1.28778525
0.54040633
-0.20420135
-0.58657705
-0.46823521
-0.00000000
0.46823521
0.58657705
0.20420135
-0.54040633
-1.28778525
-1.64802681
-1.41063982
-0.66013956
0.26544178
0.95105652
1.12113895
0.77957423
0.19818734
-0.23908749
-0.25105652
0.18398589
0.81500178
1.25577760
1.19859915
0.58778525
-0.34164513
-1.18196292
-1.56433862
-1.35028667
-0.70000000
0.01880754
0.43171483
0.35906357
-0.09097866
-0.58778525
-0.76597535
-0.43287825
0.31762201
1.14749324
1.65105652
1.57056661
0.93443645
0.04332512
-0.68851516
-0.95105652
-0.69806557
-0.16275979
0.27801603
0.31654769
-0.11221475
-0.79107279
-1.33682514
-1.40947641
-0.90085900
